
## The number of loci caught by each filter.
## ipyrad API location: [assembly].stats_dfs.s7_filters

                           total_filters applied_order retained_loci
total_prefiltered_loci                 0             0         15400
filtered_by_rm_duplicates          10234         10234          5166
filtered_by_max_indels               514           514          4652
filtered_by_max_SNPs                  10             6          4646
filtered_by_max_shared_het           145            92          4554
filtered_by_min_sample              2994          2994          1560
total_filtered_loci                13897         13840          1560


## The number of loci recovered for each Sample.
## ipyrad API location: [assembly].stats_dfs.s7_samples

     sample_coverage
A01              253
A02              392
A03               44
A04              183
A05              159
A06              116
A07                3
A08               51
A09              253
A10              182
A11              224
A12                0
B01              343
B02              440
B03              191
B04              326
B05              208
B06              305
B07              296
B08                0
B09               75
B10              243
B11               64
B12                0
C01              190
C02              171
C03               21
C04               78
C05              320
C06              284
C07               55
C08              269
C10                7
C11               64
C12               15
D01              276
D02              271
D03               23
D04               70
D05               11
D06              150
D07                9
D08              238
D09               78
D10              175
D11               42
D12               76
E01              350
E02              156
E03                8
E04               56
E05              265
E06              130
E07               43
E08                0
E09               25
E10               38
E11               26
E12               38
F01              344
F02              219
F03              171
F04              273
F05              248
F06              181
F07                2
F08                0
F09               67
F10                9
F11                1
F12               74
G01              267
G02               15
G03              176
G04                6
G05              181
G06              141
G07                2
G08                0
G09               52
G10                3
G11               75
G12                7
H01              223
H02               18
H03              131
H04              110
H05               75
H06              198
H07              160
H08              122
H09              105
H10              130
H11               37
H12              160


## The number of loci for which N taxa have data.
## ipyrad API location: [assembly].stats_dfs.s7_loci

    locus_coverage  sum_coverage
1                0             0
2                0             0
3                0             0
4              401           401
5              261           662
6              159           821
7              140           961
8               97          1058
9               85          1143
10              67          1210
11              56          1266
12              52          1318
13              46          1364
14              33          1397
15              29          1426
16              24          1450
17              27          1477
18              20          1497
19              14          1511
20              15          1526
21               5          1531
22              10          1541
23               4          1545
24               5          1550
25               3          1553
26               3          1556
27               2          1558
28               0          1558
29               1          1559
30               0          1559
31               1          1560
32               0          1560
33               0          1560
34               0          1560
35               0          1560
36               0          1560
37               0          1560
38               0          1560
39               0          1560
40               0          1560
41               0          1560
42               0          1560
43               0          1560
44               0          1560
45               0          1560
46               0          1560
47               0          1560
48               0          1560
49               0          1560
50               0          1560
51               0          1560
52               0          1560
53               0          1560
54               0          1560
55               0          1560
56               0          1560
57               0          1560
58               0          1560
59               0          1560
60               0          1560
61               0          1560
62               0          1560
63               0          1560
64               0          1560
65               0          1560
66               0          1560
67               0          1560
68               0          1560
69               0          1560
70               0          1560
71               0          1560
72               0          1560
73               0          1560
74               0          1560
75               0          1560
76               0          1560
77               0          1560
78               0          1560
79               0          1560
80               0          1560
81               0          1560
82               0          1560
83               0          1560
84               0          1560
85               0          1560
86               0          1560
87               0          1560
88               0          1560
89               0          1560
90               0          1560
91               0          1560
92               0          1560
93               0          1560
94               0          1560
95               0          1560


The distribution of SNPs (var and pis) per locus.
## var = Number of loci with n variable sites (pis + autapomorphies)
## pis = Number of loci with n parsimony informative site (minor allele in >1 sample)
## ipyrad API location: [assembly].stats_dfs.s7_snps
## The "reference" sample is included if present unless 'exclude_reference=True'

    var  sum_var  pis  sum_pis
0   211        0  701        0
1   192      192  331      331
2   182      556  172      675
3   170     1066  138     1089
4   148     1658   86     1433
5   105     2183   40     1633
6   113     2861   31     1819
7    77     3400   14     1917
8    67     3936   15     2037
9    69     4557   10     2127
10   44     4997    3     2157
11   36     5393    2     2179
12   30     5753    5     2239
13   29     6130    5     2304
14   23     6452    1     2318
15   10     6602    2     2348
16   16     6858    1     2364
17   12     7062    0     2364
18    2     7098    1     2382
19    2     7136    0     2382
20    8     7296    0     2382
21    5     7401    0     2382
22    1     7423    0     2382
23    1     7446    2     2428
24    2     7494    0     2428
25    0     7494    0     2428
26    1     7520    0     2428
27    1     7547    0     2428
28    0     7547    0     2428
29    0     7547    0     2428
30    0     7547    0     2428
31    1     7578    0     2428
32    0     7578    0     2428
33    1     7611    0     2428
34    0     7611    0     2428
35    0     7611    0     2428
36    0     7611    0     2428
37    1     7648    0     2428


## Final Sample stats summary
     state  reads_raw  reads_passed_filter  clusters_total  clusters_hidepth  hetero_est  error_est  reads_consens  loci_in_assembly
A01      7     106712               106538           13447              3260    0.008688   0.001055           2984               253
A02      7     247604               247222           32426              4310    0.009381   0.001027           3840               392
A03      7      81560                81414           41490               794    0.019288   0.006786            529                44
A04      7     698269               696909           45267              9151    0.009878   0.001000           7814               183
A05      7      84865                84727           17227              2701    0.009555   0.001397           2446               159
A06      7      64415                64310           21323              1815    0.011325   0.001869           1596               116
A07      7      12045                12008            7813                62    0.041532   0.011954             29                 3
A08      7      35492                35433           17494               435    0.022828   0.004846            313                51
A09      7      83086                82927           27910              2254    0.012016   0.002253           1916               253
A10      7      83986                83873           12552              2810    0.009785   0.001354           2540               182
A11      7      99234                99086           18017              3009    0.009965   0.001538           2687               224
A12      7       2123                 2115            1198                23    0.031787   0.013357             12                 0
B01      7     214256               213866           25809              4160    0.009171   0.001139           3733               343
B02      7     296896               296354           53740              4560    0.010962   0.001321           4002               440
B03      7     122183               121944           40557              2619    0.012008   0.001902           2248               191
B04      7     221695               221280           57177              3780    0.011084   0.001372           3312               326
B05      7     107561               107408           15928              3232    0.008657   0.001212           2952               208
B06      7     184119               183805           26291              4000    0.009343   0.001032           3608               305
B07      7      91191                91003           23303              3057    0.010430   0.001478           2683               296
B08      7         23                   23              14                 1    0.007285   0.003517              1                 0
B09      7      63311                63201           13257              2716    0.005393   0.000815           2556                75
B10      7     104773               104606           12906              3268    0.009098   0.001187           2961               243
B11      7      28951                28908            7030              1065    0.012739   0.002169            926                64
B12      7       7163                 7155            3730                55    0.015499   0.007643             35                 0
C01      7     109816               109651           15390              3248    0.009042   0.001263           2936               190
C02      7      77416                77283           13810              2669    0.009376   0.001395           2429               171
C03      7      36574                36467           18262               278    0.022267   0.008891            177                21
C04      7      41599                41497           13464              1351    0.011027   0.001726           1190                78
C05      7     144251               144026           19391              3636    0.010050   0.001175           3270               320
C06      7     158735               158425           24227              3679    0.009163   0.001131           3295               284
C07      7      44398                44307           21104               575    0.021585   0.005397            409                55
C08      7     101677               101498           31202              2823    0.012068   0.001932           2396               269
C10      7       9294                 9275            3835               155    0.019570   0.003496            113                 7
C11      7      31266                31217            9602               988    0.012936   0.001860            848                64
C12      7      35463                35370           11150              1015    0.013498   0.002404            882                15
D01      7     152748               152506           17415              3794    0.009095   0.001125           3429               276
D02      7     105496               105360           16583              3244    0.008951   0.001237           2967               271
D03      7      22832                22776           10260               358    0.018258   0.004190            262                23
D04      7      50777                50677           17989              1425    0.009680   0.002398           1254                70
D05      7      38797                38696           21387               260    0.024144   0.009165            142                11
D06      7      74843                74697           18485              2416    0.010853   0.001673           2177               150
D07      7      15713                15692            9479               100    0.035497   0.007952             53                 9
D08      7      68778                68664           19903              2127    0.010698   0.001760           1845               238
D09      7      73577                73446           16783              3089    0.005505   0.000840           2907                78
D10      7      84699                84573           12183              2888    0.009312   0.001391           2617               175
D11      7      22322                22293            5889               762    0.012647   0.002225            653                42
D12      7     247131               246677           20719              4830    0.009690   0.000803           4339                76
E01      7     252509               252047           21746              4381    0.009013   0.000858           3926               350
E02      7      84057                83918           15549              2706    0.009320   0.001246           2444               156
E03      7      30266                30174           16182               269    0.017402   0.007833            171                 8
E04      7      67250                67111           30263              1173    0.013928   0.003629            949                56
E05      7     117369               117203           16260              3420    0.009698   0.001190           3112               265
E06      7      60026                59922           14184              2137    0.010063   0.001691           1928               130
E07      7      39294                39221           19376               450    0.024137   0.005744            299                43
E08      7       1273                 1269             954                 7    0.032138   0.013008              3                 0
E09      7      13243                13216            6089               260    0.011598   0.001462            226                25
E10      7      25459                25415            7365               848    0.011170   0.002158            735                38
E11      7      14890                14875            5378               354    0.013261   0.003290            293                26
E12      7      20316                20287            6920               566    0.013278   0.002985            475                38
F01      7     154042               153812           18209              3960    0.009570   0.001142           3557               344
F02      7      78926                78811           14851              2790    0.009661   0.001443           2522               219
F03      7      86887                86718           22856              2551    0.010852   0.001660           2250               171
F04      7     151217               150942           35132              3559    0.010346   0.001383           3168               273
F05      7     106374               106204           20087              3144    0.009457   0.001234           2873               248
F06      7      90026                89870           18046              2898    0.010147   0.001324           2594               181
F07      7      10592                10566            6557                71    0.033696   0.007436             38                 2
F08      7       5111                 5106            3365                31    0.064719   0.010569             12                 0
F09      7      34830                34767           11702              1383    0.006829   0.000906           1272                67
F10      7      12831                12810            4937               293    0.013650   0.003459            240                 9
F11      7       1662                 1655             890                17    0.022333   0.002750             12                 1
F12      7      36848                36792            7882              1515    0.009771   0.001454           1372                74
G01      7     143499               143285           18924              3570    0.009465   0.001028           3232               267
G02      7      25339                25275           12495               308    0.018780   0.007268            208                15
G03      7      80032                79911           12649              2711    0.010080   0.001327           2448               176
G04      7      17135                17085            8622               248    0.013760   0.003260            202                 6
G05      7     101845               101699           26581              2758    0.009983   0.001501           2499               181
G06      7      48638                48529           17632              1242    0.011868   0.001680           1055               141
G07      7       8949                 8922            5885                58    0.042329   0.011724             21                 2
G08      7       3577                 3568            2621                17    0.032179   0.014140              7                 0
G09      7      19255                19219            7192               580    0.007874   0.001119            522                52
G10      7       9254                 9248            4398               141    0.017066   0.004418             98                 3
G11      7      48788                48684            9336              1586    0.012235   0.001302           1395                75
G12      7      12134                12113            7821                80    0.033739   0.009360             41                 7
H01      7      98669                98520           15936              3034    0.009353   0.001182           2753               223
H02      7      31552                31495           17766               245    0.020316   0.008460            155                18
H03      7     103299               103108           18474              3741    0.009448   0.001049           3379               131
H04      7      82388                82250           34147              1603    0.011176   0.001971           1387               110
H05      7      77666                77495           38509              1062    0.012739   0.002930            884                75
H06      7      64542                64413           23942              1572    0.012344   0.002266           1337               198
H07      7      64619                64508           23133              1399    0.015544   0.002691           1106               160
H08      7      68676                68563           30250              1152    0.018370   0.004101            864               122
H09      7      50432                50352           11940              1799    0.009623   0.001605           1611               105
H10      7      50771                50689            9135              2030    0.009326   0.001438           1839               130
H11      7     120702               120465           14280              3382    0.009953   0.000918           3081                37
H12      7     109236               109021           49773              1598    0.017121   0.003945           1215               160


## Alignment matrix statistics:
snps matrix size: (95, 7648), 91.34% missing sites.
sequence matrix size: (95, 207307), 92.02% missing sites.
